00000000000000000010000010000011
00000000000000001000011111100011
00000000100000000010000100000011
00000001000000000010001010000011
00000001100000000010010010000011
00000010000000000010010110000011
00000010100000000010100010000011
00000000000000000000001011100011
00000000001100010000000010110011
00000000011000101000001000110011
00000000100101001000001110110011
00000000110001011000010100110011
00000001001010001000100000110011
00000001000010001000100110110011
00000000000000000000000000110011
00000011000000000010100000100011
00000000000000000000101000110011
00000011000000000010110000100011
